/about/2 - total page views: 90 || /contact - total page views: 89 || /index - total page views: 82 || /about - total page views: 81 || /help_page/1 - total page views: 80 || /home - total page views: 78 || 
/help_page/1 - unique page views: 23 || /contact - unique page views: 23 || /home - unique page views: 23 || /index - unique page views: 23 || /about/2 - unique page views: 22 || /about - unique page views: 21 || 